R-n10-k4-L8

CUSTOMER NUMBER
10

VEHICLE NUMBER
4

LIMIT
8

COMPATIBILITY SETS
Vehicle 0
1, 3, 4, 7, 8, 9

Vehicle 1
1, 3, 4, 6, 8

Vehicle 2
1, 2, 5, 6, 7, 9

Vehicle 3
1, 2, 8, 9


DISTANCE MATRIX
0.0, 15.0, 18.0, 22.0, 25.0, 20.0, 11.0, 21.0, 26.0, 32.0
15.0, 0.0, 32.0, 14.0, 32.0, 32.0, 24.0, 21.0, 31.0, 17.0
18.0, 32.0, 0.0, 34.0, 20.0, 23.0, 16.0, 36.0, 36.0, 47.0
22.0, 14.0, 34.0, 0.0, 25.0, 42.0, 33.0, 35.0, 45.0, 15.0
25.0, 32.0, 20.0, 25.0, 0.0, 41.0, 31.0, 46.0, 50.0, 40.0
20.0, 32.0, 23.0, 42.0, 41.0, 0.0, 10.0, 20.0, 13.0, 50.0
11.0, 24.0, 16.0, 33.0, 31.0, 10.0, 0.0, 20.0, 19.0, 42.0
21.0, 21.0, 36.0, 35.0, 46.0, 20.0, 20.0, 0.0, 12.0, 36.0
26.0, 31.0, 36.0, 45.0, 50.0, 13.0, 19.0, 12.0, 0.0, 48.0
32.0, 17.0, 47.0, 15.0, 40.0, 50.0, 42.0, 36.0, 48.0, 0.0
